timestamp;bar_time;run_id;profile;symbol;timeframe;open;high;low;close;atr_fast;atr_slow;adx14;ma_fast;ma_slow;ma_long;ma_slope;bb_width;donchian_width;fibo_ratio;spread;session;weekday;volatility;notes
2025.07.02 00:05:00;2025.07.02 00:00:00;USDJPY_20250101000000;20251110_20251115;USDJPY;M5;143.762;143.763;143.608;143.669;0.058000;0.053200;33.024521;143.719650;143.689800;143.387265;0.357000;0.000000;0.220000;0.431818;0.5000;ASIA;3;LOW;
2025.07.02 00:10:00;2025.07.02 00:05:00;USDJPY_20250101000000;20251110_20251115;USDJPY;M5;143.670;143.675;143.641;143.675;0.056000;0.052700;29.762698;143.716950;143.691900;143.386990;0.150000;0.000000;0.220000;0.459091;0.5000;ASIA;3;LOW;
2025.07.02 00:15:00;2025.07.02 00:10:00;USDJPY_20250101000000;20251110_20251115;USDJPY;M5;143.664;143.664;143.572;143.610;0.055429;0.051440;29.571233;143.710200;143.689720;143.386390;-0.123000;0.000000;0.222000;0.171171;0.5000;ASIA;3;LOW;
2025.07.02 00:20:00;2025.07.02 00:15:00;USDJPY_20250101000000;20251110_20251115;USDJPY;M5;143.610;143.654;143.610;143.631;0.051143;0.050900;29.405297;143.705750;143.688540;143.385600;-0.285000;0.000000;0.222000;0.265766;0.5000;ASIA;3;LOW;
2025.07.02 00:25:00;2025.07.02 00:20:00;USDJPY_20250101000000;20251110_20251115;USDJPY;M5;143.631;143.631;143.573;143.586;0.052714;0.051200;31.317132;143.697350;143.686440;143.384590;-0.518000;0.000000;0.222000;0.063063;0.5000;ASIA;3;LOW;
2025.07.02 00:30:00;2025.07.02 00:25:00;USDJPY_20250101000000;20251110_20251115;USDJPY;M5;143.585;143.587;143.565;143.575;0.051357;0.050740;33.903734;143.688350;143.683720;143.383630;-0.626000;0.000000;0.229000;0.043668;0.5000;ASIA;3;LOW;
2025.07.02 00:35:00;2025.07.02 00:30:00;USDJPY_20250101000000;20251110_20251115;USDJPY;M5;143.573;143.573;143.475;143.513;0.051000;0.051800;37.863299;143.675850;143.679820;143.382300;-0.822000;0.000000;0.319000;0.119122;0.5000;ASIA;3;LOW;
2025.07.02 00:40:00;2025.07.02 00:35:00;USDJPY_20250101000000;20251110_20251115;USDJPY;M5;143.514;143.541;143.444;143.473;0.055643;0.052260;41.764472;143.664000;143.675700;143.380315;-0.924000;0.000000;0.350000;0.082857;0.5000;ASIA;3;LOW;
2025.07.02 00:45:00;2025.07.02 00:40:00;USDJPY_20250101000000;20251110_20251115;USDJPY;M5;143.473;143.473;143.413;143.437;0.056500;0.052340;45.815686;143.652250;143.671720;143.377990;-1.070000;0.000000;0.381000;0.062992;0.5000;ASIA;3;LOW;
2025.07.02 00:50:00;2025.07.02 00:45:00;USDJPY_20250101000000;20251110_20251115;USDJPY;M5;143.432;143.450;143.393;143.418;0.058643;0.052160;49.724019;143.643600;143.666100;143.375835;-1.075000;0.000000;0.401000;0.062344;0.5000;ASIA;3;LOW;
2025.07.02 00:55:00;2025.07.02 00:50:00;USDJPY_20250101000000;20251110_20251115;USDJPY;M5;143.418;143.446;143.386;143.405;0.061286;0.052620;53.241988;143.633100;143.660340;143.373670;-1.105000;0.000000;0.408000;0.046569;0.5000;ASIA;3;LOW;
2025.07.02 01:00:00;2025.07.02 00:55:00;USDJPY_20250101000000;20251110_20251115;USDJPY;M5;143.405;143.414;143.355;143.363;0.064571;0.052740;56.832555;143.619900;143.653540;143.371240;-1.119000;0.000000;0.439000;0.018223;0.5000;ASIA;3;LOW;
2025.07.02 01:05:00;2025.07.02 01:00:00;USDJPY_20250101000000;20251110_20251115;USDJPY;M5;143.365;143.381;143.264;143.377;0.070643;0.053680;60.539417;143.602650;143.646560;143.368925;-1.227000;0.000000;0.530000;0.213208;0.5000;ASIA;3;LOW;
2025.07.02 01:10:00;2025.07.02 01:05:00;USDJPY_20250101000000;20251110_20251115;USDJPY;M5;143.376;143.379;143.356;143.379;0.070643;0.053160;63.752030;143.584050;143.640420;143.366570;-1.364000;0.000000;0.530000;0.216981;0.5000;ASIA;3;LOW;
2025.07.02 01:15:00;2025.07.02 01:10:00;USDJPY_20250101000000;20251110_20251115;USDJPY;M5;143.379;143.384;143.378;143.384;0.060000;0.051620;60.553548;143.565700;143.634040;143.364240;-1.558000;0.000000;0.521000;0.230326;0.5000;ASIA;3;LOW;
2025.07.02 01:20:00;2025.07.02 01:15:00;USDJPY_20250101000000;20251110_20251115;USDJPY;M5;143.384;143.401;143.378;143.401;0.059214;0.051200;54.069858;143.547450;143.628480;143.362070;-1.713000;0.000000;0.521000;0.262956;0.5000;ASIA;3;LOW;
2025.07.02 01:25:00;2025.07.02 01:20:00;USDJPY_20250101000000;20251110_20251115;USDJPY;M5;143.401;143.403;143.372;143.392;0.054071;0.050680;49.117253;143.528350;143.622280;143.359920;-1.831000;0.000000;0.513000;0.249513;0.5000;ASIA;3;LOW;
2025.07.02 01:30:00;2025.07.02 01:25:00;USDJPY_20250101000000;20251110_20251115;USDJPY;M5;143.392;143.404;143.381;143.403;0.052571;0.049600;44.598944;143.509950;143.616700;143.357915;-1.854000;0.000000;0.513000;0.270955;0.5000;ASIA;3;LOW;
2025.07.02 01:35:00;2025.07.02 01:30:00;USDJPY_20250101000000;20251110_20251115;USDJPY;M5;143.402;143.409;143.370;143.403;0.051214;0.049240;41.789693;143.492800;143.611900;143.356020;-1.825000;0.000000;0.503000;0.276342;0.5000;ASIA;3;LOW;
2025.07.02 01:40:00;2025.07.02 01:35:00;USDJPY_20250101000000;20251110_20251115;USDJPY;M5;143.403;143.404;143.401;143.402;0.049857;0.048760;39.355009;143.474800;143.606940;143.354320;-1.818000;0.000000;0.499000;0.276553;0.5000;ASIA;3;LOW;
2025.07.02 01:45:00;2025.07.02 01:40:00;USDJPY_20250101000000;20251110_20251115;USDJPY;M5;143.402;143.406;143.389;143.389;0.043929;0.048240;39.752973;143.460800;143.602180;143.352645;-1.733000;0.000000;0.411000;0.304136;0.5000;ASIA;3;LOW;
2025.07.02 01:50:00;2025.07.02 01:45:00;USDJPY_20250101000000;20251110_20251115;USDJPY;M5;143.389;143.407;143.389;143.403;0.038286;0.047900;39.683195;143.447200;143.597840;143.351030;-1.623000;0.000000;0.400000;0.347500;0.5000;ASIA;3;LOW;
2025.07.02 01:55:00;2025.07.02 01:50:00;USDJPY_20250101000000;20251110_20251115;USDJPY;M5;143.403;143.408;143.382;143.403;0.035857;0.047540;40.504910;143.436850;143.593080;143.349830;-1.462000;0.000000;0.390000;0.356410;0.5000;ASIA;3;LOW;
2025.07.02 02:00:00;2025.07.02 01:55:00;USDJPY_20250101000000;20251110_20251115;USDJPY;M5;143.403;143.403;143.397;143.397;0.032214;0.047100;41.217064;143.425150;143.588460;143.348380;-1.353000;0.000000;0.367000;0.362398;0.5000;ASIA;3;LOW;
2025.07.02 02:05:00;2025.07.02 02:00:00;USDJPY_20250101000000;20251110_20251115;USDJPY;M5;143.397;143.416;143.349;143.411;0.032714;0.047220;43.844110;143.416400;143.584120;143.347160;-1.168000;0.000000;0.323000;0.455108;0.5000;ASIA;3;LOW;
2025.07.02 02:10:00;2025.07.02 02:05:00;USDJPY_20250101000000;20251110_20251115;USDJPY;M5;143.414;143.428;143.404;143.404;0.030214;0.047180;42.192098;143.407850;143.579840;143.346000;-1.059000;0.000000;0.309000;0.453074;0.5000;ASIA;3;LOW;
2025.07.02 02:15:00;2025.07.02 02:10:00;USDJPY_20250101000000;20251110_20251115;USDJPY;M5;143.405;143.405;143.384;143.386;0.023357;0.046840;43.382976;143.401500;143.575140;143.344695;-0.914000;0.000000;0.277000;0.440433;0.5000;ASIA;3;LOW;
2025.07.02 02:20:00;2025.07.02 02:15:00;USDJPY_20250101000000;20251110_20251115;USDJPY;M5;143.385;143.415;143.374;143.375;0.024643;0.046960;44.415071;143.396600;143.569980;143.343450;-0.805000;0.000000;0.209000;0.531100;0.5000;ASIA;3;LOW;
2025.07.02 02:25:00;2025.07.02 02:20:00;USDJPY_20250101000000;20251110_20251115;USDJPY;M5;143.375;143.405;143.375;143.404;0.026357;0.046480;45.309552;143.394950;143.564600;143.342460;-0.604000;0.000000;0.186000;0.752688;0.5000;ASIA;3;LOW;
2025.07.02 02:30:00;2025.07.02 02:25:00;USDJPY_20250101000000;20251110_20251115;USDJPY;M5;143.404;143.421;143.398;143.398;0.026357;0.046260;41.177005;143.393950;143.558620;143.341275;-0.449000;0.000000;0.182000;0.736264;0.5000;ASIA;3;LOW;
2025.07.02 02:35:00;2025.07.02 02:30:00;USDJPY_20250101000000;20251110_20251115;USDJPY;M5;143.398;143.429;143.392;143.419;0.026786;0.045940;36.371042;143.394650;143.552180;143.340130;-0.264000;0.000000;0.165000;0.939394;0.5000;ASIA;3;LOW;
2025.07.02 02:40:00;2025.07.02 02:35:00;USDJPY_20250101000000;20251110_20251115;USDJPY;M5;143.419;143.432;143.409;143.409;0.026786;0.045840;31.579577;143.396950;143.545780;143.339310;-0.091000;0.000000;0.168000;0.863095;0.5000;ASIA;3;LOW;
2025.07.02 02:45:00;2025.07.02 02:40:00;USDJPY_20250101000000;20251110_20251115;USDJPY;M5;143.409;143.411;143.390;143.392;0.025500;0.045740;31.297198;143.397700;143.538720;143.338380;0.022000;0.000000;0.083000;0.518072;0.5000;ASIA;3;LOW;
2025.07.02 02:50:00;2025.07.02 02:45:00;USDJPY_20250101000000;20251110_20251115;USDJPY;M5;143.392;143.394;143.377;143.387;0.026500;0.045440;33.168492;143.398100;143.532060;143.337140;0.063000;0.000000;0.083000;0.457831;0.5000;ASIA;3;LOW;
2025.07.02 02:55:00;2025.07.02 02:50:00;USDJPY_20250101000000;20251110_20251115;USDJPY;M5;143.387;143.387;143.351;143.360;0.027857;0.044920;36.225513;143.396900;143.524180;143.335635;0.059000;0.000000;0.083000;0.132530;0.5000;ASIA;3;LOW;
2025.07.02 03:00:00;2025.07.02 02:55:00;USDJPY_20250101000000;20251110_20251115;USDJPY;M5;143.359;143.407;143.358;143.401;0.030071;0.045180;36.506673;143.396900;143.517100;143.334150;0.045000;0.000000;0.083000;0.626506;0.5000;ASIA;3;LOW;
2025.07.02 03:05:00;2025.07.02 03:00:00;USDJPY_20250101000000;20251110_20251115;USDJPY;M5;143.395;143.448;143.385;143.448;0.032714;0.045800;33.557523;143.399700;143.510800;143.332900;0.055000;0.000000;0.099000;1.000000;0.5000;ASIA;3;LOW;
2025.07.02 03:10:00;2025.07.02 03:05:00;USDJPY_20250101000000;20251110_20251115;USDJPY;M5;143.448;143.465;143.411;143.413;0.036143;0.045640;29.657810;143.400200;143.504860;143.331855;0.050000;0.000000;0.116000;0.551724;0.5000;ASIA;3;LOW;
2025.07.02 03:15:00;2025.07.02 03:10:00;USDJPY_20250101000000;20251110_20251115;USDJPY;M5;143.413;143.444;143.413;143.418;0.033571;0.044040;26.278058;143.400950;143.499780;143.330875;0.057000;0.000000;0.116000;0.594828;0.5000;ASIA;3;LOW;
2025.07.02 03:20:00;2025.07.02 03:15:00;USDJPY_20250101000000;20251110_20251115;USDJPY;M5;143.418;143.442;143.378;143.440;0.036429;0.043240;25.508684;143.402850;143.496760;143.330010;0.119000;0.000000;0.116000;0.784483;0.5000;ASIA;3;LOW;
2025.07.02 03:25:00;2025.07.02 03:20:00;USDJPY_20250101000000;20251110_20251115;USDJPY;M5;143.441;143.442;143.409;143.426;0.037286;0.043180;24.841893;143.404700;143.492980;143.328885;0.156000;0.000000;0.116000;0.663793;0.5000;ASIA;3;LOW;
2025.07.02 03:30:00;2025.07.02 03:25:00;USDJPY_20250101000000;20251110_20251115;USDJPY;M5;143.423;143.423;143.388;143.395;0.037071;0.043120;26.230065;143.404300;143.488340;143.327645;0.092000;0.000000;0.116000;0.396552;0.5000;ASIA;3;LOW;
2025.07.02 03:35:00;2025.07.02 03:30:00;USDJPY_20250101000000;20251110_20251115;USDJPY;M5;143.395;143.395;143.354;143.371;0.037857;0.041840;29.531783;143.402700;143.481320;143.326125;0.050000;0.000000;0.116000;0.189655;0.5000;ASIA;3;LOW;
2025.07.02 03:40:00;2025.07.02 03:35:00;USDJPY_20250101000000;20251110_20251115;USDJPY;M5;143.371;143.382;143.358;143.361;0.037929;0.041680;32.393272;143.400900;143.473520;143.324615;-0.001000;0.000000;0.116000;0.103448;0.5000;ASIA;3;LOW;
2025.07.02 03:45:00;2025.07.02 03:40:00;USDJPY_20250101000000;20251110_20251115;USDJPY;M5;143.361;143.373;143.332;143.349;0.038214;0.041540;36.169596;143.397800;143.465480;143.323260;-0.101000;0.000000;0.133000;0.127820;0.5000;ASIA;3;LOW;
2025.07.02 03:50:00;2025.07.02 03:45:00;USDJPY_20250101000000;20251110_20251115;USDJPY;M5;143.349;143.409;143.339;143.407;0.041571;0.042400;36.087087;143.397950;143.458300;143.322600;-0.135000;0.000000;0.133000;0.563910;0.5000;ASIA;3;LOW;
2025.07.02 03:55:00;2025.07.02 03:50:00;USDJPY_20250101000000;20251110_20251115;USDJPY;M5;143.404;143.448;143.402;143.417;0.043357;0.042860;31.867892;143.399500;143.451160;143.322570;-0.096000;0.000000;0.133000;0.639098;0.5000;ASIA;3;LOW;
2025.07.02 04:00:00;2025.07.02 03:55:00;USDJPY_20250101000000;20251110_20251115;USDJPY;M5;143.417;143.432;143.355;143.366;0.047643;0.044140;30.251274;143.399050;143.443060;143.322855;-0.073000;0.000000;0.133000;0.255639;0.5000;ASIA;3;LOW;
2025.07.02 04:05:00;2025.07.02 04:00:00;USDJPY_20250101000000;20251110_20251115;USDJPY;M5;143.364;143.585;143.313;143.536;0.064500;0.048940;26.527434;143.405650;143.438860;143.323735;0.095000;0.000000;0.272000;0.819853;0.5000;ASIA;3;LOW;
2025.07.02 04:10:00;2025.07.02 04:05:00;USDJPY_20250101000000;20251110_20251115;USDJPY;M5;143.536;143.575;143.510;143.536;0.065643;0.049780;23.300107;143.412550;143.434340;143.324785;0.295000;0.000000;0.272000;0.819853;0.5000;ASIA;3;LOW;
2025.07.02 04:15:00;2025.07.02 04:10:00;USDJPY_20250101000000;20251110_20251115;USDJPY;M5;143.536;143.560;143.477;143.499;0.067071;0.048340;22.071407;143.416550;143.430940;143.325685;0.372000;0.000000;0.272000;0.683824;0.5000;ASIA;3;LOW;
2025.07.02 04:20:00;2025.07.02 04:15:00;USDJPY_20250101000000;20251110_20251115;USDJPY;M5;143.501;143.567;143.501;143.536;0.068071;0.049020;20.478309;143.422900;143.428160;143.326885;0.468000;0.000000;0.272000;0.819853;0.5000;ASIA;3;LOW;
2025.07.02 04:25:00;2025.07.02 04:20:00;USDJPY_20250101000000;20251110_20251115;USDJPY;M5;143.536;143.542;143.452;143.483;0.072286;0.048760;21.193080;143.427450;143.425620;143.328160;0.568000;0.000000;0.272000;0.625000;0.5000;ASIA;3;LOW;
2025.07.02 04:30:00;2025.07.02 04:25:00;USDJPY_20250101000000;20251110_20251115;USDJPY;M5;143.483;143.600;143.483;143.589;0.076071;0.050220;19.208565;143.437550;143.424780;143.330210;0.638000;0.000000;0.287000;0.961672;0.5000;ASIA;3;LOW;
2025.07.02 04:35:00;2025.07.02 04:30:00;USDJPY_20250101000000;20251110_20251115;USDJPY;M5;143.601;143.619;143.558;143.585;0.078071;0.050280;17.239758;143.448800;143.424760;143.332495;0.725000;0.000000;0.306000;0.888889;0.5000;ASIA;3;LOW;
2025.07.02 04:40:00;2025.07.02 04:35:00;USDJPY_20250101000000;20251110_20251115;USDJPY;M5;143.585;143.638;143.558;143.631;0.081071;0.051440;16.574525;143.460300;143.425880;143.335350;0.875000;0.000000;0.325000;0.978462;0.5000;ASIA;3;LOW;
2025.07.02 04:45:00;2025.07.02 04:40:00;USDJPY_20250101000000;20251110_20251115;USDJPY;M5;143.631;143.647;143.605;143.645;0.081143;0.050280;16.915223;143.470150;143.428520;143.338495;0.945000;0.000000;0.334000;0.994012;0.5000;ASIA;3;LOW;
2025.07.02 04:50:00;2025.07.02 04:45:00;USDJPY_20250101000000;20251110_20251115;USDJPY;M5;143.644;143.650;143.615;143.640;0.081929;0.049040;17.587021;143.481500;143.431860;143.341535;1.081000;0.000000;0.337000;0.970326;0.5000;ASIA;3;LOW;
2025.07.02 04:55:00;2025.07.02 04:50:00;USDJPY_20250101000000;20251110_20251115;USDJPY;M5;143.640;143.646;143.562;143.593;0.085000;0.049520;16.034468;143.490250;143.434980;143.344230;1.054000;0.000000;0.337000;0.830861;0.5000;ASIA;3;LOW;
2025.07.02 05:00:00;2025.07.02 04:55:00;USDJPY_20250101000000;20251110_20251115;USDJPY;M5;143.594;143.597;143.426;143.466;0.092214;0.051800;17.819675;143.491550;143.435940;143.346360;0.855000;0.000000;0.337000;0.454006;0.5000;ASIA;3;LOW;
2025.07.02 05:05:00;2025.07.02 05:00:00;USDJPY_20250101000000;20251110_20251115;USDJPY;M5;143.461;143.542;143.435;143.530;0.096571;0.052740;19.366855;143.496750;143.438440;143.348950;0.729000;0.000000;0.337000;0.643917;0.5000;ASIA;3;LOW;
2025.07.02 05:10:00;2025.07.02 05:05:00;USDJPY_20250101000000;20251110_20251115;USDJPY;M5;143.530;143.602;143.523;143.549;0.096714;0.053140;17.018974;143.504450;143.442160;143.351595;0.686000;0.000000;0.337000;0.700297;0.5000;ASIA;3;LOW;
2025.07.02 05:15:00;2025.07.02 05:10:00;USDJPY_20250101000000;20251110_20251115;USDJPY;M5;143.550;143.568;143.527;143.557;0.080214;0.051620;14.984145;143.513750;143.445760;143.354535;0.645000;0.000000;0.337000;0.724036;0.5000;ASIA;3;LOW;
2025.07.02 05:20:00;2025.07.02 05:15:00;USDJPY_20250101000000;20251110_20251115;USDJPY;M5;143.556;143.585;143.483;143.484;0.082857;0.053200;14.842761;143.519900;143.447860;143.357135;0.593000;0.000000;0.337000;0.507418;0.5000;ASIA;3;LOW;
2025.07.02 05:25:00;2025.07.02 05:20:00;USDJPY_20250101000000;20251110_20251115;USDJPY;M5;143.484;143.556;143.484;143.549;0.082071;0.054520;14.720228;143.529900;143.451160;143.359855;0.767000;0.000000;0.337000;0.700297;0.5000;ASIA;3;LOW;
2025.07.02 05:30:00;2025.07.02 05:25:00;USDJPY_20250101000000;20251110_20251115;USDJPY;M5;143.550;143.553;143.461;143.464;0.083786;0.055900;15.833675;143.532750;143.452420;143.362140;0.720000;0.000000;0.337000;0.448071;0.5000;ASIA;3;LOW;
2025.07.02 05:35:00;2025.07.02 05:30:00;USDJPY_20250101000000;20251110_20251115;USDJPY;M5;143.461;143.558;143.445;143.543;0.085429;0.057540;17.464745;143.539050;143.455440;143.365330;0.692000;0.000000;0.337000;0.682493;0.5000;ASIA;3;LOW;
2025.07.02 05:40:00;2025.07.02 05:35:00;USDJPY_20250101000000;20251110_20251115;USDJPY;M5;143.540;143.548;143.460;143.485;0.083357;0.058840;18.878339;143.545000;143.457080;143.367600;0.625000;0.000000;0.337000;0.510386;0.5000;ASIA;3;LOW;
2025.07.02 05:45:00;2025.07.02 05:40:00;USDJPY_20250101000000;20251110_20251115;USDJPY;M5;143.485;143.520;143.473;143.483;0.082357;0.059000;20.103454;143.542350;143.458680;143.369645;0.449000;0.000000;0.224000;0.254464;0.5000;ASIA;3;LOW;
2025.07.02 05:50:00;2025.07.02 05:45:00;USDJPY_20250101000000;20251110_20251115;USDJPY;M5;143.483;143.578;143.463;143.569;0.084857;0.061240;18.157509;143.544000;143.462020;143.372050;0.282000;0.000000;0.224000;0.638393;0.5000;ASIA;3;LOW;
2025.07.02 05:55:00;2025.07.02 05:50:00;USDJPY_20250101000000;20251110_20251115;USDJPY;M5;143.569;143.654;143.569;143.625;0.087929;0.062600;20.869034;143.550300;143.466740;143.375060;0.351000;0.000000;0.228000;0.872807;0.5000;ASIA;3;LOW;
2025.07.02 06:00:00;2025.07.02 05:55:00;USDJPY_20250101000000;20251110_20251115;USDJPY;M5;143.624;143.677;143.595;143.646;0.091286;0.063880;24.138995;143.555800;143.471600;143.378510;0.335000;0.000000;0.251000;0.876494;0.5000;ASIA;3;LOW;
2025.07.02 06:05:00;2025.07.02 06:00:00;USDJPY_20250101000000;20251110_20251115;USDJPY;M5;143.645;143.727;143.620;143.689;0.092929;0.065500;28.264516;143.566100;143.477320;143.382295;0.422000;0.000000;0.301000;0.873754;0.5000;EUROPE;3;LOW;
2025.07.02 06:10:00;2025.07.02 06:05:00;USDJPY_20250101000000;20251110_20251115;USDJPY;M5;143.689;143.738;143.658;143.664;0.086429;0.066980;32.180197;143.569850;143.482660;143.385890;0.550000;0.000000;0.312000;0.762821;0.5000;EUROPE;3;LOW;
2025.07.02 06:15:00;2025.07.02 06:10:00;USDJPY_20250101000000;20251110_20251115;USDJPY;M5;143.666;143.693;143.636;143.637;0.082857;0.066780;32.307712;143.572450;143.487180;143.390000;0.569000;0.000000;0.312000;0.676282;0.5000;EUROPE;3;LOW;
2025.07.02 06:20:00;2025.07.02 06:15:00;USDJPY_20250101000000;20251110_20251115;USDJPY;M5;143.638;143.654;143.599;143.605;0.081143;0.067400;28.191432;143.571150;143.491200;143.393845;0.417000;0.000000;0.312000;0.573718;0.5000;EUROPE;3;LOW;
2025.07.02 06:25:00;2025.07.02 06:20:00;USDJPY_20250101000000;20251110_20251115;USDJPY;M5;143.605;143.650;143.598;143.599;0.081929;0.068020;24.518596;143.568850;143.495460;143.397550;0.261000;0.000000;0.312000;0.554487;0.5000;EUROPE;3;LOW;
2025.07.02 06:30:00;2025.07.02 06:25:00;USDJPY_20250101000000;20251110_20251115;USDJPY;M5;143.599;143.616;143.578;143.592;0.077357;0.067960;23.813548;143.566450;143.499800;143.401140;0.007000;0.000000;0.312000;0.532051;0.5000;EUROPE;3;LOW;
2025.07.02 06:35:00;2025.07.02 06:30:00;USDJPY_20250101000000;20251110_20251115;USDJPY;M5;143.592;143.612;143.583;143.604;0.074286;0.067940;23.202505;143.567000;143.503800;143.404750;-0.057000;0.000000;0.312000;0.570513;0.5000;EUROPE;3;LOW;
2025.07.02 06:40:00;2025.07.02 06:35:00;USDJPY_20250101000000;20251110_20251115;USDJPY;M5;143.606;143.609;143.563;143.574;0.071000;0.068400;24.594607;143.572400;143.507320;143.407950;-0.001000;0.000000;0.303000;0.458746;0.5000;EUROPE;3;LOW;
2025.07.02 06:45:00;2025.07.02 06:40:00;USDJPY_20250101000000;20251110_20251115;USDJPY;M5;143.574;143.576;143.551;143.563;0.064714;0.068160;27.439729;143.574050;143.510200;143.411470;0.058000;0.000000;0.293000;0.402730;0.5000;EUROPE;3;LOW;
2025.07.02 06:50:00;2025.07.02 06:45:00;USDJPY_20250101000000;20251110_20251115;USDJPY;M5;143.563;143.581;143.552;143.555;0.060500;0.068280;28.518393;143.574350;143.513120;143.414965;0.110000;0.000000;0.293000;0.375427;0.5000;EUROPE;3;LOW;
2025.07.02 06:55:00;2025.07.02 06:50:00;USDJPY_20250101000000;20251110_20251115;USDJPY;M5;143.555;143.562;143.502;143.504;0.061429;0.069060;31.898567;143.571700;143.515360;143.418260;0.105000;0.000000;0.293000;0.201365;0.5000;EUROPE;3;LOW;
2025.07.02 07:00:00;2025.07.02 06:55:00;USDJPY_20250101000000;20251110_20251115;USDJPY;M5;143.503;143.554;143.502;143.530;0.056929;0.069760;34.828051;143.574000;143.518220;143.421435;0.140000;0.000000;0.293000;0.290102;0.5000;EUROPE;3;LOW;
2025.07.02 07:05:00;2025.07.02 07:00:00;USDJPY_20250101000000;20251110_20251115;USDJPY;M5;143.530;143.562;143.496;143.508;0.055571;0.070360;36.295750;143.571950;143.521180;143.424360;-0.009000;0.000000;0.293000;0.215017;0.5000;EUROPE;3;LOW;
2025.07.02 07:10:00;2025.07.02 07:05:00;USDJPY_20250101000000;20251110_20251115;USDJPY;M5;143.508;143.542;143.474;143.474;0.054571;0.070740;38.568176;143.572450;143.522640;143.427165;-0.032000;0.000000;0.293000;0.098976;0.5000;EUROPE;3;LOW;
2025.07.02 07:15:00;2025.07.02 07:10:00;USDJPY_20250101000000;20251110_20251115;USDJPY;M5;143.474;143.538;143.473;143.528;0.051571;0.070780;40.584542;143.571700;143.524240;143.430165;-0.053000;0.000000;0.278000;0.244604;0.5000;EUROPE;3;LOW;
2025.07.02 07:20:00;2025.07.02 07:15:00;USDJPY_20250101000000;20251110_20251115;USDJPY;M5;143.528;143.563;143.513;143.555;0.049429;0.070700;37.813527;143.575200;143.527080;143.433015;0.070000;0.000000;0.275000;0.334545;0.5000;EUROPE;3;LOW;
2025.07.02 07:25:00;2025.07.02 07:20:00;USDJPY_20250101000000;20251110_20251115;USDJPY;M5;143.555;143.567;143.534;143.541;0.047714;0.070740;34.483990;143.578100;143.529540;143.436260;0.082000;0.000000;0.275000;0.283636;0.5000;EUROPE;3;LOW;
2025.07.02 07:30:00;2025.07.02 07:25:00;USDJPY_20250101000000;20251110_20251115;USDJPY;M5;143.540;143.561;143.525;143.543;0.046357;0.070180;33.009918;143.576800;143.531600;143.439625;0.097000;0.000000;0.265000;0.264151;0.5000;EUROPE;3;LOW;
2025.07.02 07:35:00;2025.07.02 07:30:00;USDJPY_20250101000000;20251110_20251115;USDJPY;M5;143.543;143.577;143.541;143.545;0.045214;0.070240;28.767316;143.572800;143.533980;143.442940;0.007000;0.000000;0.265000;0.271698;0.5000;EUROPE;3;LOW;
2025.07.02 07:40:00;2025.07.02 07:35:00;USDJPY_20250101000000;20251110_20251115;USDJPY;M5;143.545;143.545;143.508;143.522;0.045143;0.070220;29.035531;143.566600;143.536520;143.445680;-0.102000;0.000000;0.265000;0.184906;0.5000;EUROPE;3;LOW;
2025.07.02 07:45:00;2025.07.02 07:40:00;USDJPY_20250101000000;20251110_20251115;USDJPY;M5;143.523;143.558;143.514;143.538;0.046214;0.070280;27.389166;143.559050;143.539860;143.448915;-0.323000;0.000000;0.265000;0.245283;0.5000;EUROPE;3;LOW;
2025.07.02 07:50:00;2025.07.02 07:45:00;USDJPY_20250101000000;20251110_20251115;USDJPY;M5;143.538;143.559;143.523;143.534;0.045500;0.070520;25.782561;143.552550;143.543320;143.452145;-0.511000;0.000000;0.220000;0.277273;0.5000;EUROPE;3;LOW;
2025.07.02 07:55:00;2025.07.02 07:50:00;USDJPY_20250101000000;20251110_20251115;USDJPY;M5;143.535;143.579;143.532;143.545;0.047071;0.070640;22.907617;143.547950;143.547240;143.455365;-0.577000;0.000000;0.181000;0.397790;0.5000;EUROPE;3;LOW;
2025.07.02 08:00:00;2025.07.02 07:55:00;USDJPY_20250101000000;20251110_20251115;USDJPY;M5;143.545;143.566;143.507;143.519;0.049214;0.070420;21.556619;143.543650;143.549480;143.458440;-0.583000;0.000000;0.177000;0.259887;0.5000;EUROPE;3;LOW;
2025.07.02 08:05:00;2025.07.02 08:00:00;USDJPY_20250101000000;20251110_20251115;USDJPY;M5;143.519;143.525;143.502;143.507;0.046571;0.069960;21.409618;143.539050;143.551280;143.461235;-0.551000;0.000000;0.143000;0.237762;0.5000;EUROPE;3;LOW;
2025.07.02 08:10:00;2025.07.02 08:05:00;USDJPY_20250101000000;20251110_20251115;USDJPY;M5;143.507;143.521;143.474;143.502;0.046214;0.069360;23.591769;143.534550;143.554000;143.464230;-0.490000;0.000000;0.139000;0.208633;0.5000;EUROPE;3;LOW;
2025.07.02 08:15:00;2025.07.02 08:10:00;USDJPY_20250101000000;20251110_20251115;USDJPY;M5;143.502;143.502;143.452;143.466;0.045071;0.064920;26.781586;143.527650;143.552600;143.466910;-0.498000;0.000000;0.157000;0.089172;0.5000;EUROPE;3;LOW;
2025.07.02 08:20:00;2025.07.02 08:15:00;USDJPY_20250101000000;20251110_20251115;USDJPY;M5;143.465;143.534;143.462;143.527;0.045357;0.065060;26.511525;143.525300;143.552420;143.470065;-0.453000;0.000000;0.129000;0.581395;0.5000;EUROPE;3;LOW;
2025.07.02 08:25:00;2025.07.02 08:20:00;USDJPY_20250101000000;20251110_20251115;USDJPY;M5;143.527;143.547;143.503;143.525;0.043857;0.064280;24.517249;143.523400;143.552940;143.473665;-0.405000;0.000000;0.129000;0.565891;0.5000;EUROPE;3;LOW;
2025.07.02 08:30:00;2025.07.02 08:25:00;USDJPY_20250101000000;20251110_20251115;USDJPY;M5;143.525;143.546;143.517;143.539;0.042357;0.063500;22.788877;143.522600;143.553000;143.477065;-0.329000;0.000000;0.127000;0.685039;0.5000;EUROPE;3;LOW;
2025.07.02 08:35:00;2025.07.02 08:30:00;USDJPY_20250101000000;20251110_20251115;USDJPY;M5;143.539;143.600;143.527;143.568;0.045214;0.063160;22.088209;143.525800;143.554700;143.480850;-0.175000;0.000000;0.148000;0.783784;0.5000;EUROPE;3;LOW;
2025.07.02 08:40:00;2025.07.02 08:35:00;USDJPY_20250101000000;20251110_20251115;USDJPY;M5;143.568;143.590;143.550;143.569;0.045500;0.061620;21.480965;143.527750;143.554300;143.485065;0.002000;0.000000;0.148000;0.790541;0.5000;EUROPE;3;LOW;
2025.07.02 08:45:00;2025.07.02 08:40:00;USDJPY_20250101000000;20251110_20251115;USDJPY;M5;143.569;143.588;143.560;143.562;0.044929;0.060960;20.954686;143.530450;143.553840;143.489285;0.103000;0.000000;0.148000;0.743243;0.5000;EUROPE;3;LOW;
2025.07.02 08:50:00;2025.07.02 08:45:00;USDJPY_20250101000000;20251110_20251115;USDJPY;M5;143.562;143.570;143.544;143.548;0.044143;0.059880;19.739811;143.534150;143.552180;143.492870;0.215000;0.000000;0.148000;0.648649;0.5000;EUROPE;3;LOW;
2025.07.02 08:55:00;2025.07.02 08:50:00;USDJPY_20250101000000;20251110_20251115;USDJPY;M5;143.549;143.597;143.545;143.556;0.044714;0.060080;18.447293;143.535550;143.550400;143.496430;0.259000;0.000000;0.148000;0.702703;0.5000;EUROPE;3;LOW;
2025.07.02 09:00:00;2025.07.02 08:55:00;USDJPY_20250101000000;20251110_20251115;USDJPY;M5;143.556;143.569;143.538;143.545;0.044357;0.060000;16.015001;143.535050;143.548500;143.499840;0.185000;0.000000;0.148000;0.628378;0.5000;EUROPE;3;LOW;
2025.07.02 09:05:00;2025.07.02 09:00:00;USDJPY_20250101000000;20251110_20251115;USDJPY;M5;143.546;143.580;143.533;143.577;0.044357;0.059260;15.192551;143.536850;143.548180;143.503200;0.182000;0.000000;0.148000;0.844595;0.5000;EUROPE;3;LOW;
2025.07.02 09:10:00;2025.07.02 09:05:00;USDJPY_20250101000000;20251110_20251115;USDJPY;M5;143.577;143.676;143.571;143.669;0.047643;0.057940;18.126417;143.543150;143.552240;143.506650;0.254000;0.000000;0.224000;0.968750;0.5000;EUROPE;3;LOW;
2025.07.02 09:15:00;2025.07.02 09:10:00;USDJPY_20250101000000;20251110_20251115;USDJPY;M5;143.669;143.724;143.658;143.658;0.050714;0.057120;22.492903;143.548800;143.554800;143.509875;0.293000;0.000000;0.272000;0.757353;0.5000;EUROPE;3;LOW;
2025.07.02 09:20:00;2025.07.02 09:15:00;USDJPY_20250101000000;20251110_20251115;USDJPY;M5;143.660;143.723;143.658;143.720;0.052000;0.056840;26.277192;143.558700;143.558220;143.513465;0.463000;0.000000;0.272000;0.985294;0.5000;EUROPE;3;LOW;
2025.07.02 09:25:00;2025.07.02 09:20:00;USDJPY_20250101000000;20251110_20251115;USDJPY;M5;143.721;143.768;143.685;143.689;0.054357;0.057680;30.721131;143.566250;143.560860;143.516535;0.624000;0.000000;0.316000;0.750000;0.5000;EUROPE;3;LOW;
2025.07.02 09:30:00;2025.07.02 09:25:00;USDJPY_20250101000000;20251110_20251115;USDJPY;M5;143.688;143.699;143.676;143.684;0.050857;0.056100;31.828674;143.573750;143.564860;143.519890;0.738000;0.000000;0.316000;0.734177;0.5000;EUROPE;3;LOW;
2025.07.02 09:35:00;2025.07.02 09:30:00;USDJPY_20250101000000;20251110_20251115;USDJPY;M5;143.683;143.712;143.652;143.665;0.052000;0.055860;30.341594;143.579750;143.567180;143.523095;0.732000;0.000000;0.316000;0.674051;0.5000;EUROPE;3;LOW;
2025.07.02 09:40:00;2025.07.02 09:35:00;USDJPY_20250101000000;20251110_20251115;USDJPY;M5;143.663;143.722;143.663;143.709;0.054143;0.055200;29.694009;143.589250;143.572080;143.526350;0.809000;0.000000;0.316000;0.813291;0.5000;EUROPE;3;LOW;
2025.07.02 09:45:00;2025.07.02 09:40:00;USDJPY_20250101000000;20251110_20251115;USDJPY;M5;143.708;143.709;143.613;143.624;0.055786;0.054860;26.172537;143.595100;143.573700;143.528930;0.728000;0.000000;0.316000;0.544304;0.5000;EUROPE;3;LOW;
2025.07.02 09:50:00;2025.07.02 09:45:00;USDJPY_20250101000000;20251110_20251115;USDJPY;M5;143.624;143.755;143.624;143.744;0.062286;0.055720;24.680759;143.607200;143.578880;143.532030;0.819000;0.000000;0.316000;0.924051;0.5000;EUROPE;3;LOW;
2025.07.02 09:55:00;2025.07.02 09:50:00;USDJPY_20250101000000;20251110_20251115;USDJPY;M5;143.747;143.845;143.744;143.801;0.067500;0.056800;26.353058;143.623950;143.585240;143.535305;1.004000;0.000000;0.383000;0.885117;0.5000;EUROPE;3;LOW;
2025.07.02 10:00:00;2025.07.02 09:55:00;USDJPY_20250101000000;20251110_20251115;USDJPY;M5;143.801;143.801;143.729;143.747;0.070786;0.055940;26.596379;143.634950;143.588800;143.538215;1.104000;0.000000;0.342000;0.713450;0.5000;EUROPE;3;LOW;
2025.07.02 10:05:00;2025.07.02 10:00:00;USDJPY_20250101000000;20251110_20251115;USDJPY;M5;143.740;143.794;143.716;143.771;0.072643;0.055800;25.827040;143.647250;143.591720;143.540830;1.160000;0.000000;0.328000;0.774390;0.5000;EUROPE;3;LOW;
2025.07.02 10:10:00;2025.07.02 10:05:00;USDJPY_20250101000000;20251110_20251115;USDJPY;M5;143.770;143.795;143.718;143.745;0.075929;0.055700;25.214437;143.657550;143.593700;143.543485;1.249000;0.000000;0.318000;0.685535;0.5000;EUROPE;3;LOW;
2025.07.02 10:15:00;2025.07.02 10:10:00;USDJPY_20250101000000;20251110_20251115;USDJPY;M5;143.746;143.755;143.691;143.731;0.077143;0.054840;22.076514;143.665700;143.594540;143.545915;1.170000;0.000000;0.312000;0.634615;0.5000;EUROPE;3;LOW;
2025.07.02 10:20:00;2025.07.02 10:15:00;USDJPY_20250101000000;20251110_20251115;USDJPY;M5;143.730;143.763;143.708;143.712;0.073571;0.054340;20.147382;143.672850;143.595500;143.548930;0.978000;0.000000;0.312000;0.573718;0.5000;EUROPE;3;LOW;
2025.07.02 10:25:00;2025.07.02 10:20:00;USDJPY_20250101000000;20251110_20251115;USDJPY;M5;143.711;143.771;143.711;143.754;0.073143;0.054400;19.213968;143.682450;143.597840;143.552165;0.950000;0.000000;0.312000;0.708333;0.5000;EUROPE;3;LOW;
2025.07.02 10:30:00;2025.07.02 10:25:00;USDJPY_20250101000000;20251110_20251115;USDJPY;M5;143.747;143.761;143.697;143.699;0.073071;0.054580;16.867449;143.690000;143.599720;143.555715;0.855000;0.000000;0.312000;0.532051;0.5000;EUROPE;3;LOW;
2025.07.02 10:35:00;2025.07.02 10:30:00;USDJPY_20250101000000;20251110_20251115;USDJPY;M5;143.702;143.769;143.665;143.761;0.074571;0.055620;16.326139;143.700250;143.602960;143.558720;0.854000;0.000000;0.312000;0.730769;0.5000;EUROPE;3;LOW;
2025.07.02 10:40:00;2025.07.02 10:35:00;USDJPY_20250101000000;20251110_20251115;USDJPY;M5;143.761;143.762;143.714;143.751;0.076357;0.055820;15.857003;143.710550;143.606140;143.562190;0.897000;0.000000;0.312000;0.698718;0.5000;EUROPE;3;LOW;
2025.07.02 10:45:00;2025.07.02 10:40:00;USDJPY_20250101000000;20251110_20251115;USDJPY;M5;143.750;143.815;143.750;143.808;0.076714;0.056540;17.053806;143.722100;143.610220;143.564725;0.985000;0.000000;0.274000;0.864964;0.5000;EUROPE;3;LOW;
2025.07.02 10:50:00;2025.07.02 10:45:00;USDJPY_20250101000000;20251110_20251115;USDJPY;M5;143.808;143.862;143.808;143.853;0.076357;0.056700;21.010187;143.731300;143.615800;143.566885;0.977000;0.000000;0.249000;0.963855;0.5000;EUROPE;3;LOW;
2025.07.02 10:55:00;2025.07.02 10:50:00;USDJPY_20250101000000;20251110_20251115;USDJPY;M5;143.853;143.876;143.808;143.810;0.074357;0.057560;24.962146;143.738900;143.620740;143.569165;0.978000;0.000000;0.263000;0.749049;0.5000;EUROPE;3;LOW;
2025.07.02 11:00:00;2025.07.02 10:55:00;USDJPY_20250101000000;20251110_20251115;USDJPY;M5;143.810;143.846;143.792;143.798;0.068857;0.058060;26.198459;143.742800;143.625600;143.571130;0.851000;0.000000;0.263000;0.703422;0.5000;EUROPE;3;LOW;
2025.07.02 11:05:00;2025.07.02 11:00:00;USDJPY_20250101000000;20251110_20251115;USDJPY;M5;143.798;143.923;143.798;143.920;0.070571;0.059360;29.087006;143.754350;143.633920;143.573950;0.876000;0.000000;0.310000;0.990323;0.5000;EUROPE;3;LOW;
2025.07.02 11:10:00;2025.07.02 11:05:00;USDJPY_20250101000000;20251110_20251115;USDJPY;M5;143.921;143.933;143.843;143.861;0.071857;0.060120;31.877830;143.763200;143.640540;143.576410;0.822000;0.000000;0.320000;0.775000;0.5000;EUROPE;3;LOW;
2025.07.02 11:15:00;2025.07.02 11:10:00;USDJPY_20250101000000;20251110_20251115;USDJPY;M5;143.862;143.891;143.837;143.842;0.070143;0.059880;33.385762;143.772050;143.647220;143.579090;0.815000;0.000000;0.320000;0.715625;0.5000;EUROPE;3;LOW;
2025.07.02 11:20:00;2025.07.02 11:15:00;USDJPY_20250101000000;20251110_20251115;USDJPY;M5;143.840;143.886;143.831;143.864;0.068571;0.059620;33.756131;143.779800;143.655020;143.581495;0.818000;0.000000;0.320000;0.784375;0.5000;EUROPE;3;LOW;
2025.07.02 11:25:00;2025.07.02 11:20:00;USDJPY_20250101000000;20251110_20251115;USDJPY;M5;143.864;143.944;143.863;143.925;0.069786;0.059940;36.382688;143.794850;143.662960;143.584260;1.041000;0.000000;0.320000;0.940625;0.5000;EUROPE;3;LOW;
2025.07.02 11:30:00;2025.07.02 11:25:00;USDJPY_20250101000000;20251110_20251115;USDJPY;M5;143.926;143.927;143.884;143.925;0.068929;0.059800;38.659037;143.803900;143.670360;143.586750;0.991000;0.000000;0.279000;0.931900;0.5000;EUROPE;3;LOW;
2025.07.02 11:35:00;2025.07.02 11:30:00;USDJPY_20250101000000;20251110_20251115;USDJPY;M5;143.926;144.041;143.923;143.952;0.073071;0.061500;42.663152;143.811450;143.678580;143.589530;0.965000;0.000000;0.376000;0.763298;0.5000;EUROPE;3;LOW;
2025.07.02 11:40:00;2025.07.02 11:35:00;USDJPY_20250101000000;20251110_20251115;USDJPY;M5;143.951;143.951;143.903;143.904;0.072000;0.061760;43.038426;143.819300;143.685800;143.591895;0.945000;0.000000;0.376000;0.635638;0.5000;EUROPE;3;LOW;
2025.07.02 11:45:00;2025.07.02 11:40:00;USDJPY_20250101000000;20251110_20251115;USDJPY;M5;143.904;143.910;143.828;143.831;0.070429;0.062680;38.273490;143.822300;143.691520;143.593325;0.850000;0.000000;0.376000;0.441489;0.5000;EUROPE;3;LOW;
2025.07.02 11:50:00;2025.07.02 11:45:00;USDJPY_20250101000000;20251110_20251115;USDJPY;M5;143.832;143.846;143.815;143.832;0.069214;0.062560;33.940913;143.826650;143.697720;143.594855;0.636000;0.000000;0.376000;0.444149;0.5000;EUROPE;3;LOW;
2025.07.02 11:55:00;2025.07.02 11:50:00;USDJPY_20250101000000;20251110_20251115;USDJPY;M5;143.832;143.886;143.832;143.862;0.068429;0.062760;31.451748;143.833200;143.704200;143.596475;0.586000;0.000000;0.376000;0.523936;0.5000;EUROPE;3;LOW;
2025.07.02 12:00:00;2025.07.02 11:55:00;USDJPY_20250101000000;20251110_20251115;USDJPY;M5;143.862;143.913;143.862;143.891;0.068214;0.063060;30.887130;143.842150;143.711340;143.598560;0.614000;0.000000;0.376000;0.601064;0.5000;EUROPE;3;LOW;
2025.07.02 12:05:00;2025.07.02 12:00:00;USDJPY_20250101000000;20251110_20251115;USDJPY;M5;143.891;143.916;143.838;143.839;0.068929;0.063680;28.932651;143.846400;143.717220;143.599905;0.542000;0.000000;0.376000;0.462766;0.5000;EUROPE;3;LOW;
2025.07.02 12:10:00;2025.07.02 12:05:00;USDJPY_20250101000000;20251110_20251115;USDJPY;M5;143.839;143.854;143.781;143.782;0.070286;0.063960;26.039459;143.850550;143.722480;143.600830;0.565000;0.000000;0.376000;0.311170;0.5000;EUROPE;3;LOW;
2025.07.02 12:15:00;2025.07.02 12:10:00;USDJPY_20250101000000;20251110_20251115;USDJPY;M5;143.782;143.814;143.770;143.805;0.064500;0.064380;24.390417;143.852750;143.728440;143.602180;0.522000;0.000000;0.327000;0.278287;0.5000;EUROPE;3;LOW;
2025.07.02 12:20:00;2025.07.02 12:15:00;USDJPY_20250101000000;20251110_20251115;USDJPY;M5;143.805;143.823;143.797;143.811;0.059929;0.063960;21.448526;143.855750;143.734620;143.603150;0.451000;0.000000;0.291000;0.209622;0.5000;EUROPE;3;LOW;
2025.07.02 12:25:00;2025.07.02 12:20:00;USDJPY_20250101000000;20251110_20251115;USDJPY;M5;143.812;143.881;143.812;143.822;0.061071;0.064360;21.226825;143.856450;143.741740;143.604225;0.286000;0.000000;0.271000;0.191882;0.5000;EUROPE;3;LOW;
2025.07.02 12:30:00;2025.07.02 12:25:00;USDJPY_20250101000000;20251110_20251115;USDJPY;M5;143.824;143.871;143.785;143.843;0.063286;0.064640;19.656010;143.855950;143.748060;143.605565;0.191000;0.000000;0.271000;0.269373;0.5000;EUROPE;3;LOW;
2025.07.02 12:35:00;2025.07.02 12:30:00;USDJPY_20250101000000;20251110_20251115;USDJPY;M5;143.843;143.894;143.830;143.851;0.062071;0.065040;19.530317;143.858000;143.754580;143.607065;0.149000;0.000000;0.271000;0.298893;0.5000;EUROPE;3;LOW;
2025.07.02 12:40:00;2025.07.02 12:35:00;USDJPY_20250101000000;20251110_20251115;USDJPY;M5;143.851;143.864;143.822;143.861;0.062000;0.065300;18.489049;143.861150;143.761020;143.608520;0.168000;0.000000;0.271000;0.335793;0.5000;EUROPE;3;LOW;
2025.07.02 12:45:00;2025.07.02 12:40:00;USDJPY_20250101000000;20251110_20251115;USDJPY;M5;143.860;143.883;143.803;143.813;0.059286;0.065440;17.586616;143.855800;143.765920;143.608990;0.001000;0.000000;0.271000;0.158672;0.5000;EUROPE;3;LOW;
2025.07.02 12:50:00;2025.07.02 12:45:00;USDJPY_20250101000000;20251110_20251115;USDJPY;M5;143.814;143.855;143.810;143.843;0.059000;0.065540;16.804507;143.854900;143.771400;143.609755;-0.031000;0.000000;0.271000;0.269373;0.5000;EUROPE;3;LOW;
2025.07.02 12:55:00;2025.07.02 12:50:00;USDJPY_20250101000000;20251110_20251115;USDJPY;M5;143.842;143.938;143.835;143.917;0.060500;0.067040;19.385152;143.858650;143.778500;143.610885;0.054000;0.000000;0.271000;0.542435;0.5000;EUROPE;3;LOW;
2025.07.02 13:00:00;2025.07.02 12:55:00;USDJPY_20250101000000;20251110_20251115;USDJPY;M5;143.919;143.963;143.919;143.961;0.061571;0.067440;23.130443;143.863500;143.786760;143.612135;0.110000;0.000000;0.271000;0.704797;0.5000;EUROPE;3;LOW;
2025.07.02 13:05:00;2025.07.02 13:00:00;USDJPY_20250101000000;20251110_20251115;USDJPY;M5;143.961;143.962;143.921;143.929;0.060643;0.067220;26.376362;143.863700;143.794220;143.613240;0.051000;0.000000;0.271000;0.586716;0.5000;US;3;LOW;
2025.07.02 13:10:00;2025.07.02 13:05:00;USDJPY_20250101000000;20251110_20251115;USDJPY;M5;143.928;144.004;143.928;143.969;0.062429;0.068120;30.544765;143.865900;143.802700;143.614690;0.202000;0.000000;0.271000;0.734317;0.5000;US;3;LOW;
2025.07.02 13:15:00;2025.07.02 13:10:00;USDJPY_20250101000000;20251110_20251115;USDJPY;M5;143.969;144.116;143.958;144.102;0.068143;0.070340;35.414897;143.873400;143.813200;143.617020;0.370000;0.000000;0.346000;0.959538;0.5000;US;3;LOW;
2025.07.02 13:20:00;2025.07.02 13:15:00;USDJPY_20250101000000;20251110_20251115;USDJPY;M5;144.102;144.113;144.071;144.082;0.065929;0.069080;39.635679;143.882300;143.821460;143.618935;0.473000;0.000000;0.346000;0.901734;0.5000;US;3;LOW;
2025.07.02 13:25:00;2025.07.02 13:20:00;USDJPY_20250101000000;20251110_20251115;USDJPY;M5;144.082;144.090;144.049;144.071;0.065714;0.068580;39.211350;143.894300;143.829720;143.620825;0.616000;0.000000;0.346000;0.869942;0.5000;US;3;LOW;
2025.07.02 13:30:00;2025.07.02 13:25:00;USDJPY_20250101000000;20251110_20251115;USDJPY;M5;144.070;144.192;144.070;144.167;0.072571;0.069720;40.943371;143.911050;143.838660;143.623145;0.947000;0.000000;0.422000;0.940758;0.5000;US;3;LOW;
2025.07.02 13:35:00;2025.07.02 13:30:00;USDJPY_20250101000000;20251110_20251115;USDJPY;M5;144.167;144.217;144.143;144.143;0.072857;0.069540;43.104573;143.925100;143.847740;143.625230;1.184000;0.000000;0.447000;0.834452;0.5000;US;3;LOW;
2025.07.02 13:40:00;2025.07.02 13:35:00;USDJPY_20250101000000;20251110_20251115;USDJPY;M5;144.144;144.234;144.141;144.183;0.073357;0.070940;45.324613;143.939700;143.857720;143.627715;1.326000;0.000000;0.464000;0.890086;0.5000;US;3;LOW;
2025.07.02 13:45:00;2025.07.02 13:40:00;USDJPY_20250101000000;20251110_20251115;USDJPY;M5;144.182;144.206;144.159;144.177;0.072143;0.070680;47.248647;143.956600;143.867960;143.630085;1.486000;0.000000;0.464000;0.877155;0.5000;US;3;LOW;
2025.07.02 13:50:00;2025.07.02 13:45:00;USDJPY_20250101000000;20251110_20251115;USDJPY;M5;144.176;144.222;144.162;144.162;0.073429;0.070700;49.482359;143.975600;143.877020;143.632500;1.626000;0.000000;0.464000;0.844828;0.5000;US;3;LOW;
2025.07.02 13:55:00;2025.07.02 13:50:00;USDJPY_20250101000000;20251110_20251115;USDJPY;M5;144.162;144.171;144.127;144.140;0.070857;0.069660;45.592419;143.992350;143.887340;143.634690;1.626000;0.000000;0.449000;0.790646;0.5000;US;3;LOW;
2025.07.02 14:00:00;2025.07.02 13:55:00;USDJPY_20250101000000;20251110_20251115;USDJPY;M5;144.140;144.164;144.134;144.142;0.069786;0.067640;42.221137;144.008900;143.895300;143.636990;1.676000;0.000000;0.449000;0.795100;0.5000;US;3;LOW;
2025.07.02 14:05:00;2025.07.02 14:00:00;USDJPY_20250101000000;20251110_20251115;USDJPY;M5;144.142;144.149;144.090;144.100;0.066643;0.066800;37.887098;144.022800;143.901280;143.639275;1.662000;0.000000;0.449000;0.701559;0.5000;US;3;LOW;
2025.07.02 14:10:00;2025.07.02 14:05:00;USDJPY_20250101000000;20251110_20251115;USDJPY;M5;144.100;144.101;144.024;144.027;0.068857;0.066900;37.124276;144.032000;143.906880;143.641160;1.508000;0.000000;0.431000;0.519722;0.5000;US;3;LOW;
2025.07.02 14:15:00;2025.07.02 14:10:00;USDJPY_20250101000000;20251110_20251115;USDJPY;M5;144.028;144.038;143.997;144.027;0.068857;0.066160;38.096791;144.040800;143.912000;143.643160;1.304000;0.000000;0.431000;0.519722;0.5000;US;3;LOW;
2025.07.02 14:20:00;2025.07.02 14:15:00;USDJPY_20250101000000;20251110_20251115;USDJPY;M5;144.029;144.053;144.025;144.049;0.065429;0.065180;36.148291;144.050200;143.918080;143.645305;1.157000;0.000000;0.431000;0.570766;0.5000;US;3;LOW;
2025.07.02 14:25:00;2025.07.02 14:20:00;USDJPY_20250101000000;20251110_20251115;USDJPY;M5;144.049;144.050;143.995;144.014;0.058071;0.065000;35.944241;144.060250;143.923740;143.647170;1.027000;0.000000;0.424000;0.481132;0.5000;US;3;LOW;
2025.07.02 14:30:00;2025.07.02 14:25:00;USDJPY_20250101000000;20251110_20251115;USDJPY;M5;144.014;144.014;143.958;143.990;0.059071;0.065020;37.240800;144.067600;143.929300;143.648980;0.896000;0.000000;0.399000;0.388471;0.5000;US;3;LOW;
2025.07.02 14:35:00;2025.07.02 14:30:00;USDJPY_20250101000000;20251110_20251115;USDJPY;M5;143.990;144.004;143.964;143.968;0.059000;0.064620;38.364485;144.070150;143.933580;143.650680;0.763000;0.000000;0.315000;0.155556;0.5000;US;3;LOW;
2025.07.02 14:40:00;2025.07.02 14:35:00;USDJPY_20250101000000;20251110_20251115;USDJPY;M5;143.968;143.971;143.922;143.938;0.053786;0.064320;40.975220;144.069000;143.938360;143.652280;0.564000;0.000000;0.313000;0.054313;0.5000;US;3;LOW;
2025.07.02 14:45:00;2025.07.02 14:40:00;USDJPY_20250101000000;20251110_20251115;USDJPY;M5;143.938;143.939;143.885;143.910;0.052357;0.063320;44.204950;144.068050;143.941340;143.653725;0.357000;0.000000;0.349000;0.071633;0.5000;US;3;LOW;
2025.07.02 14:50:00;2025.07.02 14:45:00;USDJPY_20250101000000;20251110_20251115;USDJPY;M5;143.909;143.928;143.898;143.916;0.047857;0.062960;47.004049;144.065400;143.944640;143.655140;0.103000;0.000000;0.349000;0.088825;0.5000;US;3;LOW;
2025.07.02 14:55:00;2025.07.02 14:50:00;USDJPY_20250101000000;20251110_20251115;USDJPY;M5;143.915;143.933;143.894;143.913;0.047286;0.062440;48.522575;144.055950;143.946740;143.656340;-0.233000;0.000000;0.349000;0.080229;0.5000;US;3;LOW;
2025.07.02 15:00:00;2025.07.02 14:55:00;USDJPY_20250101000000;20251110_20251115;USDJPY;M5;143.913;143.924;143.856;143.915;0.047857;0.062720;50.790737;144.047600;143.947980;143.657430;-0.451000;0.000000;0.378000;0.156085;0.5000;US;3;LOW;
2025.07.02 15:05:00;2025.07.02 15:00:00;USDJPY_20250101000000;20251110_20251115;USDJPY;M5;143.915;143.958;143.903;143.926;0.048643;0.062460;48.790333;144.040350;143.950300;143.658355;-0.573000;0.000000;0.378000;0.185185;0.5000;US;3;LOW;
2025.07.02 15:10:00;2025.07.02 15:05:00;USDJPY_20250101000000;20251110_20251115;USDJPY;M5;143.926;143.939;143.907;143.916;0.048786;0.062020;47.056649;144.027800;143.952660;143.659290;-0.805000;0.000000;0.378000;0.158730;0.5000;US;3;LOW;
2025.07.02 15:15:00;2025.07.02 15:10:00;USDJPY_20250101000000;20251110_20251115;USDJPY;M5;143.917;143.917;143.884;143.896;0.046929;0.060180;47.372905;144.015450;143.952180;143.660045;-0.999000;0.000000;0.378000;0.105820;0.5000;US;3;LOW;
2025.07.02 15:20:00;2025.07.02 15:15:00;USDJPY_20250101000000;20251110_20251115;USDJPY;M5;143.896;143.949;143.894;143.940;0.045357;0.059480;44.262702;144.003300;143.953760;143.661145;-1.053000;0.000000;0.366000;0.229508;0.5000;US;3;LOW;
2025.07.02 15:25:00;2025.07.02 15:20:00;USDJPY_20250101000000;20251110_20251115;USDJPY;M5;143.939;143.960;143.931;143.946;0.044500;0.058980;39.693275;143.991750;143.955840;143.662105;-1.117000;0.000000;0.366000;0.245902;0.5000;US;3;LOW;
2025.07.02 15:30:00;2025.07.02 15:25:00;USDJPY_20250101000000;20251110_20251115;USDJPY;M5;143.950;143.976;143.941;143.968;0.045000;0.058580;35.064712;143.982050;143.957920;143.663170;-1.166000;0.000000;0.315000;0.355556;0.5000;US;3;LOW;
2025.07.02 15:35:00;2025.07.02 15:30:00;USDJPY_20250101000000;20251110_20251115;USDJPY;M5;143.968;144.052;143.942;144.039;0.048929;0.059160;33.483646;143.977000;143.960200;143.664550;-1.016000;0.000000;0.308000;0.594156;0.5000;US;3;LOW;
2025.07.02 15:40:00;2025.07.02 15:35:00;USDJPY_20250101000000;20251110_20251115;USDJPY;M5;144.039;144.059;144.013;144.059;0.048214;0.059220;32.589348;143.972850;143.962880;143.666295;-0.852000;0.000000;0.293000;0.692833;0.5000;US;3;LOW;
2025.07.02 15:45:00;2025.07.02 15:40:00;USDJPY_20250101000000;20251110_20251115;USDJPY;M5;144.058;144.084;144.040;144.068;0.048500;0.057740;33.443266;143.971250;143.965200;143.668275;-0.641000;0.000000;0.245000;0.865306;0.5000;US;3;LOW;
2025.07.02 15:50:00;2025.07.02 15:45:00;USDJPY_20250101000000;20251110_20251115;USDJPY;M5;144.068;144.153;144.067;144.144;0.051143;0.058480;35.921979;143.977100;143.970000;143.671040;-0.293000;0.000000;0.297000;0.969697;0.5000;US;3;LOW;
2025.07.02 15:55:00;2025.07.02 15:50:00;USDJPY_20250101000000;20251110_20251115;USDJPY;M5;144.144;144.165;144.120;144.137;0.050500;0.057740;38.554732;143.982600;143.976120;143.673650;0.011000;0.000000;0.309000;0.909385;0.5000;US;3;LOW;
2025.07.02 16:00:00;2025.07.02 15:55:00;USDJPY_20250101000000;20251110_20251115;USDJPY;M5;144.137;144.188;144.134;144.175;0.052214;0.058200;41.560653;143.988900;143.982980;143.676390;0.238000;0.000000;0.332000;0.960843;0.5000;US;3;LOW;
2025.07.02 16:05:00;2025.07.02 16:00:00;USDJPY_20250101000000;20251110_20251115;USDJPY;M5;144.174;144.204;144.132;144.134;0.054571;0.058560;44.522067;143.994900;143.988420;143.678450;0.441000;0.000000;0.348000;0.798851;0.5000;US;3;LOW;
2025.07.02 16:10:00;2025.07.02 16:05:00;USDJPY_20250101000000;20251110_20251115;USDJPY;M5;144.137;144.162;144.112;144.144;0.053286;0.058540;44.362324;144.002600;143.993480;143.680415;0.627000;0.000000;0.348000;0.827586;0.5000;US;3;LOW;
2025.07.02 16:15:00;2025.07.02 16:10:00;USDJPY_20250101000000;20251110_20251115;USDJPY;M5;144.144;144.198;144.142;144.169;0.053357;0.058100;45.644554;144.012650;144.000080;143.682505;0.711000;0.000000;0.348000;0.899425;0.5000;US;3;LOW;
2025.07.02 16:20:00;2025.07.02 16:15:00;USDJPY_20250101000000;20251110_20251115;USDJPY;M5;144.156;144.186;143.581;143.602;0.094286;0.068740;41.862902;143.995850;143.996480;143.681685;0.265000;0.000000;0.623000;0.033708;0.5000;US;3;LOW;
2025.07.02 16:25:00;2025.07.02 16:20:00;USDJPY_20250101000000;20251110_20251115;USDJPY;M5;143.604;143.615;143.475;143.536;0.101929;0.070660;36.844271;143.977150;143.991100;143.680495;-0.235000;0.000000;0.729000;0.083676;0.5000;US;3;LOW;
2025.07.02 16:30:00;2025.07.02 16:25:00;USDJPY_20250101000000;20251110_20251115;USDJPY;M5;143.536;143.664;143.490;143.658;0.110429;0.073620;32.382376;143.964250;143.988040;143.679930;-0.613000;0.000000;0.729000;0.251029;0.5000;US;3;LOW;
2025.07.02 16:35:00;2025.07.02 16:30:00;USDJPY_20250101000000;20251110_20251115;USDJPY;M5;143.665;143.708;143.596;143.660;0.116357;0.074460;29.869203;143.951600;143.984800;143.679500;-1.020000;0.000000;0.729000;0.253772;0.5000;US;3;LOW;
2025.07.02 16:40:00;2025.07.02 16:35:00;USDJPY_20250101000000;20251110_20251115;USDJPY;M5;143.660;143.743;143.589;143.743;0.124857;0.075820;28.446827;143.943000;143.982800;143.679405;-1.393000;0.000000;0.729000;0.367627;0.5000;US;3;LOW;
2025.07.02 16:45:00;2025.07.02 16:40:00;USDJPY_20250101000000;20251110_20251115;USDJPY;M5;143.742;143.855;143.741;143.765;0.125143;0.076820;29.868517;143.934950;143.981080;143.679885;-1.218000;0.000000;0.729000;0.397805;0.5000;US;3;LOW;
2025.07.02 16:50:00;2025.07.02 16:45:00;USDJPY_20250101000000;20251110_20251115;USDJPY;M5;143.765;143.802;143.716;143.734;0.128000;0.077700;29.661451;143.925850;143.978540;143.680180;-1.026000;0.000000;0.729000;0.355281;0.5000;US;3;LOW;
2025.07.02 16:55:00;2025.07.02 16:50:00;USDJPY_20250101000000;20251110_20251115;USDJPY;M5;143.735;143.813;143.697;143.781;0.133143;0.078420;28.660373;143.920100;143.977900;143.681035;-0.883000;0.000000;0.729000;0.419753;0.5000;US;3;LOW;
2025.07.02 17:00:00;2025.07.02 16:55:00;USDJPY_20250101000000;20251110_20251115;USDJPY;M5;143.782;143.885;143.779;143.863;0.134571;0.079640;29.732227;143.916250;143.978300;143.682195;-0.707000;0.000000;0.729000;0.532236;0.5000;US;3;LOW;
2025.07.02 17:05:00;2025.07.02 17:00:00;USDJPY_20250101000000;20251110_20251115;USDJPY;M5;143.864;143.898;143.798;143.799;0.138500;0.079580;30.995633;143.908900;143.975940;143.683260;-0.682000;0.000000;0.729000;0.444444;0.5000;US;3;LOW;
2025.07.02 17:10:00;2025.07.02 17:05:00;USDJPY_20250101000000;20251110_20251115;USDJPY;M5;143.802;143.812;143.625;143.652;0.148000;0.082400;27.533678;143.893100;143.969760;143.683645;-0.837000;0.000000;0.729000;0.242798;0.5000;US;3;LOW;
2025.07.02 17:15:00;2025.07.02 17:10:00;USDJPY_20250101000000;20251110_20251115;USDJPY;M5;143.653;143.744;143.628;143.722;0.151143;0.083900;24.533316;143.877250;143.965620;143.684690;-0.972000;0.000000;0.729000;0.338820;0.5000;US;3;LOW;
2025.07.02 17:20:00;2025.07.02 17:15:00;USDJPY_20250101000000;20251110_20251115;USDJPY;M5;143.722;143.903;143.722;143.883;0.160500;0.086000;24.932201;143.868450;143.963900;143.686740;-1.033000;0.000000;0.729000;0.559671;0.5000;US;3;LOW;
2025.07.02 17:25:00;2025.07.02 17:20:00;USDJPY_20250101000000;20251110_20251115;USDJPY;M5;143.883;144.012;143.883;144.012;0.165714;0.085420;27.289388;143.865650;143.962100;143.689615;-1.012000;0.000000;0.729000;0.736626;0.5000;US;3;LOW;
2025.07.02 17:30:00;2025.07.02 17:25:00;USDJPY_20250101000000;20251110_20251115;USDJPY;M5;144.011;144.123;143.971;144.056;0.133357;0.087620;30.647604;143.861250;143.961580;143.692805;-0.953000;0.000000;0.729000;0.796982;0.5000;US;3;LOW;
2025.07.02 17:35:00;2025.07.02 17:30:00;USDJPY_20250101000000;20251110_20251115;USDJPY;M5;144.057;144.099;144.007;144.072;0.129929;0.088640;33.558059;143.858000;143.961600;143.696140;-0.702000;0.000000;0.729000;0.818930;0.5000;US;3;LOW;
2025.07.02 17:40:00;2025.07.02 17:35:00;USDJPY_20250101000000;20251110_20251115;USDJPY;M5;144.072;144.072;143.916;143.927;0.128643;0.089320;32.938324;143.845600;143.956800;143.698960;-0.633000;0.000000;0.729000;0.620027;0.5000;US;3;LOW;
2025.07.02 17:45:00;2025.07.02 17:40:00;USDJPY_20250101000000;20251110_20251115;USDJPY;M5;143.927;143.945;143.881;143.900;0.125214;0.089120;29.939220;143.833900;143.951940;143.701575;-0.691000;0.000000;0.723000;0.587828;0.5000;US;3;LOW;
2025.07.02 17:50:00;2025.07.02 17:45:00;USDJPY_20250101000000;20251110_20251115;USDJPY;M5;143.900;143.963;143.895;143.926;0.119071;0.088620;28.224482;143.823000;143.946800;143.704310;-0.853000;0.000000;0.723000;0.623790;0.5000;US;3;LOW;
2025.07.02 17:55:00;2025.07.02 17:50:00;USDJPY_20250101000000;20251110_20251115;USDJPY;M5;143.926;144.029;143.881;144.027;0.121500;0.090640;28.129969;143.815900;143.943800;143.707525;-0.907000;0.000000;0.711000;0.776371;0.5000;US;3;LOW;
2025.07.02 18:00:00;2025.07.02 17:55:00;USDJPY_20250101000000;20251110_20251115;USDJPY;M5;144.036;144.092;143.990;143.990;0.122643;0.091480;29.666511;143.835300;143.940360;143.710470;-0.454000;0.000000;0.648000;0.794753;0.5000;US;3;LOW;
2025.07.02 18:05:00;2025.07.02 18:00:00;USDJPY_20250101000000;20251110_20251115;USDJPY;M5;143.992;144.015;143.896;143.919;0.122857;0.092980;27.308490;143.854450;143.935940;143.713105;0.177000;0.000000;0.633000;0.677725;0.5000;US;3;LOW;
2025.07.02 18:10:00;2025.07.02 18:05:00;USDJPY_20250101000000;20251110_20251115;USDJPY;M5;143.921;144.030;143.921;143.935;0.123214;0.094600;25.706628;143.868300;143.931800;143.715765;0.688000;0.000000;0.534000;0.647940;0.5000;US;3;LOW;
2025.07.02 18:15:00;2025.07.02 18:10:00;USDJPY_20250101000000;20251110_20251115;USDJPY;M5;143.935;144.067;143.931;144.062;0.125786;0.096140;25.226497;143.888400;143.931040;143.719060;1.308000;0.000000;0.534000;0.885768;0.5000;US;3;LOW;
2025.07.02 18:20:00;2025.07.02 18:15:00;USDJPY_20250101000000;20251110_20251115;USDJPY;M5;144.063;144.088;144.002;144.042;0.118571;0.096320;25.608780;143.903350;143.931340;143.722260;1.749000;0.000000;0.498000;0.837349;0.5000;US;3;LOW;
2025.07.02 18:25:00;2025.07.02 18:20:00;USDJPY_20250101000000;20251110_20251115;USDJPY;M5;144.029;144.087;143.965;143.985;0.119000;0.097940;24.245279;143.914350;143.930500;143.725240;1.581000;0.000000;0.498000;0.722892;0.5000;US;3;LOW;
2025.07.02 18:30:00;2025.07.02 18:25:00;USDJPY_20250101000000;20251110_20251115;USDJPY;M5;143.985;144.035;143.933;144.003;0.113357;0.099420;21.434371;143.927800;143.929580;143.728240;1.467000;0.000000;0.498000;0.759036;0.5000;US;3;LOW;
2025.07.02 18:35:00;2025.07.02 18:30:00;USDJPY_20250101000000;20251110_20251115;USDJPY;M5;144.003;144.003;143.905;143.932;0.111143;0.100280;19.532083;143.935350;143.927940;143.730885;1.341000;0.000000;0.498000;0.616466;0.5000;US;3;LOW;
2025.07.02 18:40:00;2025.07.02 18:35:00;USDJPY_20250101000000;20251110_20251115;USDJPY;M5;143.924;144.071;143.924;144.031;0.110786;0.102100;18.223998;143.943750;143.928760;143.734055;1.107000;0.000000;0.498000;0.815261;0.5000;US;3;LOW;
2025.07.02 18:45:00;2025.07.02 18:40:00;USDJPY_20250101000000;20251110_20251115;USDJPY;M5;144.036;144.065;143.972;143.995;0.110857;0.103160;17.090324;143.953550;143.929300;143.736975;1.004000;0.000000;0.498000;0.742972;0.5000;US;3;LOW;
2025.07.02 18:50:00;2025.07.02 18:45:00;USDJPY_20250101000000;20251110_20251115;USDJPY;M5;143.994;144.079;143.963;144.060;0.108000;0.104500;16.732527;143.973950;143.931740;143.740255;1.192000;0.000000;0.495000;0.872727;0.5000;US;3;LOW;
2025.07.02 18:55:00;2025.07.02 18:50:00;USDJPY_20250101000000;20251110_20251115;USDJPY;M5;144.059;144.148;143.982;144.039;0.115286;0.106740;18.373733;143.989800;143.934320;143.743520;1.240000;0.000000;0.426000;0.744131;0.5000;US;3;LOW;
2025.07.02 19:00:00;2025.07.02 18:55:00;USDJPY_20250101000000;20251110_20251115;USDJPY;M5;144.042;144.060;143.982;144.018;0.116000;0.107700;19.796112;143.996550;143.936360;143.746735;1.224000;0.000000;0.267000;0.513109;0.5000;US;3;LOW;
2025.07.02 19:05:00;2025.07.02 19:00:00;USDJPY_20250101000000;20251110_20251115;USDJPY;M5;144.019;144.029;143.945;143.970;0.111429;0.108600;17.685037;143.994450;143.937500;143.749565;1.014000;0.000000;0.267000;0.333333;0.5000;US;3;LOW;
2025.07.02 19:10:00;2025.07.02 19:05:00;USDJPY_20250101000000;20251110_20251115;USDJPY;M5;143.970;144.000;143.954;143.982;0.107429;0.108160;15.855439;143.990750;143.938840;143.752485;0.744000;0.000000;0.267000;0.378277;0.5000;US;3;LOW;
2025.07.02 19:15:00;2025.07.02 19:10:00;USDJPY_20250101000000;20251110_20251115;USDJPY;M5;143.979;143.985;143.851;143.864;0.108500;0.109740;17.524911;143.980350;143.937600;143.754710;0.128000;0.000000;0.297000;0.043771;0.5000;US;3;LOW;
2025.07.02 19:20:00;2025.07.02 19:15:00;USDJPY_20250101000000;20251110_20251115;USDJPY;M5;143.865;143.911;143.815;143.886;0.107429;0.111020;20.394833;143.978300;143.937000;143.757095;-0.230000;0.000000;0.333000;0.213213;0.5000;US;3;LOW;
2025.07.02 19:25:00;2025.07.02 19:20:00;USDJPY_20250101000000;20251110_20251115;USDJPY;M5;143.886;143.896;143.814;143.872;0.103571;0.112000;22.927286;143.976900;143.936520;143.759495;-0.393000;0.000000;0.334000;0.173653;0.5000;US;3;LOW;
2025.07.02 19:30:00;2025.07.02 19:25:00;USDJPY_20250101000000;20251110_20251115;USDJPY;M5;143.872;143.902;143.841;143.846;0.101786;0.112120;24.207666;143.972900;143.934640;143.761790;-0.431000;0.000000;0.334000;0.095808;0.5000;US;3;LOW;
2025.07.02 19:35:00;2025.07.02 19:30:00;USDJPY_20250101000000;20251110_20251115;USDJPY;M5;143.846;143.846;143.795;143.831;0.096714;0.112560;28.397177;143.963100;143.932340;143.764145;-0.553000;0.000000;0.353000;0.101983;0.5000;US;3;LOW;
2025.07.02 19:40:00;2025.07.02 19:35:00;USDJPY_20250101000000;20251110_20251115;USDJPY;M5;143.830;143.840;143.805;143.836;0.091929;0.112560;32.028087;143.955400;143.929700;143.766320;-0.499000;0.000000;0.353000;0.116147;0.5000;US;3;LOW;
2025.07.02 19:45:00;2025.07.02 19:40:00;USDJPY_20250101000000;20251110_20251115;USDJPY;M5;143.836;143.885;143.810;143.810;0.090286;0.111860;30.347003;143.949950;143.925120;143.768130;-0.567000;0.000000;0.353000;0.042493;0.5000;US;3;LOW;
2025.07.02 19:50:00;2025.07.02 19:45:00;USDJPY_20250101000000;20251110_20251115;USDJPY;M5;143.810;143.810;143.730;143.753;0.085500;0.112540;32.211243;143.940850;143.919000;143.769830;-0.721000;0.000000;0.418000;0.055024;0.5000;US;3;LOW;
2025.07.02 19:55:00;2025.07.02 19:50:00;USDJPY_20250101000000;20251110_20251115;USDJPY;M5;143.753;143.791;143.725;143.758;0.083571;0.112980;34.022213;143.925650;143.912800;143.771530;-0.945000;0.000000;0.423000;0.078014;0.5000;US;3;LOW;
2025.07.02 20:00:00;2025.07.02 19:55:00;USDJPY_20250101000000;20251110_20251115;USDJPY;M5;143.768;143.818;143.747;143.752;0.080357;0.112680;33.021166;143.911150;143.904960;143.773090;-1.039000;0.000000;0.423000;0.063830;0.5000;US;3;LOW;
2025.07.02 20:05:00;2025.07.02 20:00:00;USDJPY_20250101000000;20251110_20251115;USDJPY;M5;143.751;143.764;143.737;143.751;0.070429;0.112320;33.421243;143.899450;143.897240;143.774715;-1.119000;0.000000;0.423000;0.061466;0.5000;OTHER;3;LOW;
2025.07.02 20:10:00;2025.07.02 20:05:00;USDJPY_20250101000000;20251110_20251115;USDJPY;M5;143.758;143.764;143.701;143.709;0.069357;0.112500;35.364904;143.884750;143.887920;143.776285;-1.304000;0.000000;0.447000;0.017897;0.5000;OTHER;3;LOW;
2025.07.02 20:15:00;2025.07.02 20:10:00;USDJPY_20250101000000;20251110_20251115;USDJPY;M5;143.709;143.727;143.686;143.708;0.066286;0.111880;37.891784;143.873550;143.879400;143.777970;-1.346000;0.000000;0.462000;0.047619;0.5000;OTHER;3;LOW;
2025.07.02 20:20:00;2025.07.02 20:15:00;USDJPY_20250101000000;20251110_20251115;USDJPY;M5;143.710;143.717;143.654;143.668;0.067500;0.112140;41.074104;143.855400;143.869880;143.779505;-1.405000;0.000000;0.494000;0.028340;0.5000;OTHER;3;LOW;
2025.07.02 20:25:00;2025.07.02 20:20:00;USDJPY_20250101000000;20251110_20251115;USDJPY;M5;143.668;143.683;143.646;143.650;0.060571;0.111760;44.209888;143.838150;143.859500;143.781010;-1.460000;0.000000;0.502000;0.007968;0.5000;OTHER;3;LOW;
2025.07.02 20:30:00;2025.07.02 20:25:00;USDJPY_20250101000000;20251110_20251115;USDJPY;M5;143.651;143.716;143.650;143.696;0.058429;0.100980;43.305159;143.819950;143.861380;143.782455;-1.590000;0.000000;0.502000;0.099602;0.5000;OTHER;3;LOW;
2025.07.02 20:35:00;2025.07.02 20:30:00;USDJPY_20250101000000;20251110_20251115;USDJPY;M5;143.697;143.710;143.655;143.678;0.056500;0.099280;42.521060;143.801900;143.864220;143.783760;-1.657000;0.000000;0.414000;0.077295;0.5000;OTHER;3;LOW;
2025.07.02 20:40:00;2025.07.02 20:35:00;USDJPY_20250101000000;20251110_20251115;USDJPY;M5;143.678;143.695;143.667;143.679;0.054143;0.096360;41.841508;143.784950;143.864640;143.785325;-1.772000;0.000000;0.383000;0.086162;0.5000;OTHER;3;LOW;
2025.07.02 20:45:00;2025.07.02 20:40:00;USDJPY_20250101000000;20251110_20251115;USDJPY;M5;143.680;143.732;143.675;143.731;0.054571;0.095260;36.714566;143.773000;143.866060;143.786300;-1.648000;0.000000;0.354000;0.240113;0.5000;OTHER;3;LOW;
2025.07.02 20:50:00;2025.07.02 20:45:00;USDJPY_20250101000000;20251110_20251115;USDJPY;M5;143.732;143.751;143.706;143.710;0.055286;0.093080;33.528089;143.759400;143.865400;143.787170;-1.575000;0.000000;0.339000;0.188791;0.5000;OTHER;3;LOW;
2025.07.02 20:55:00;2025.07.02 20:50:00;USDJPY_20250101000000;20251110_20251115;USDJPY;M5;143.718;143.797;143.718;143.762;0.056143;0.092540;32.913045;143.754300;143.865340;143.788485;-1.313000;0.000000;0.265000;0.437736;0.5000;OTHER;3;LOW;
2025.07.02 21:00:00;2025.07.02 20:55:00;USDJPY_20250101000000;20251110_20251115;USDJPY;M5;143.762;143.773;143.723;143.728;0.054000;0.091820;32.380006;143.746400;143.865220;143.789445;-1.110000;0.000000;0.256000;0.320313;0.5000;OTHER;3;LOW;
2025.07.02 21:05:00;2025.07.02 21:00:00;USDJPY_20250101000000;20251110_20251115;USDJPY;M5;143.730;143.730;143.651;143.651;0.054929;0.091080;29.323353;143.735350;143.862620;143.790285;-0.992000;0.000000;0.256000;0.019531;0.5000;OTHER;3;LOW;
2025.07.02 21:10:00;2025.07.02 21:05:00;USDJPY_20250101000000;20251110_20251115;USDJPY;M5;143.650;143.656;143.621;143.651;0.052357;0.089660;29.621618;143.725600;143.858380;143.790595;-0.948000;0.000000;0.264000;0.113636;0.5000;OTHER;3;LOW;
2025.07.02 21:15:00;2025.07.02 21:10:00;USDJPY_20250101000000;20251110_20251115;USDJPY;M5;143.651;143.658;143.635;143.656;0.052071;0.088120;29.392749;143.716850;143.855520;143.790950;-0.851000;0.000000;0.264000;0.132576;0.5000;OTHER;3;LOW;
2025.07.02 21:20:00;2025.07.02 21:15:00;USDJPY_20250101000000;20251110_20251115;USDJPY;M5;143.656;143.657;143.612;143.629;0.050786;0.085280;30.718524;143.706500;143.855060;143.790940;-0.956000;0.000000;0.273000;0.062271;0.5000;OTHER;3;LOW;
2025.07.02 21:25:00;2025.07.02 21:20:00;USDJPY_20250101000000;20251110_20251115;USDJPY;M5;143.629;143.711;143.628;143.708;0.053786;0.084620;28.358322;143.701400;143.854780;143.791255;-0.900000;0.000000;0.206000;0.466019;0.5000;OTHER;3;LOW;
2025.07.02 21:30:00;2025.07.02 21:25:00;USDJPY_20250101000000;20251110_20251115;USDJPY;M5;143.704;143.736;143.701;143.703;0.051786;0.081700;25.751143;143.698900;143.851180;143.791570;-0.729000;0.000000;0.206000;0.441748;0.5000;OTHER;3;LOW;
2025.07.02 21:35:00;2025.07.02 21:30:00;USDJPY_20250101000000;20251110_20251115;USDJPY;M5;143.703;143.731;143.671;143.686;0.053429;0.080320;23.100916;143.695300;143.844660;143.792035;-0.606000;0.000000;0.206000;0.359223;0.5000;OTHER;3;LOW;
2025.07.02 21:40:00;2025.07.02 21:35:00;USDJPY_20250101000000;20251110_20251115;USDJPY;M5;143.686;143.687;143.665;143.670;0.050286;0.077720;21.786268;143.691200;143.836940;143.793055;-0.513000;0.000000;0.185000;0.313514;0.5000;OTHER;3;LOW;
2025.07.02 21:45:00;2025.07.02 21:40:00;USDJPY_20250101000000;20251110_20251115;USDJPY;M5;143.670;143.692;143.665;143.692;0.048286;0.076420;19.774572;143.688250;143.829340;143.793865;-0.365000;0.000000;0.185000;0.432432;0.5000;OTHER;3;LOW;
2025.07.02 21:50:00;2025.07.02 21:45:00;USDJPY_20250101000000;20251110_20251115;USDJPY;M5;143.692;143.700;143.637;143.649;0.050786;0.074560;19.746922;143.685250;143.823780;143.794365;-0.323000;0.000000;0.185000;0.200000;0.5000;OTHER;3;LOW;
2025.07.02 21:55:00;2025.07.02 21:50:00;USDJPY_20250101000000;20251110_20251115;USDJPY;M5;143.649;143.699;143.649;143.691;0.050286;0.074280;19.722958;143.684400;143.819600;143.795035;-0.290000;0.000000;0.185000;0.427027;0.5000;OTHER;3;LOW;
2025.07.02 22:00:00;2025.07.02 21:55:00;USDJPY_20250101000000;20251110_20251115;USDJPY;M5;143.691;143.704;143.666;143.684;0.049786;0.073680;18.880194;143.685200;143.814760;143.796035;-0.202000;0.000000;0.185000;0.389189;0.5000;OTHER;3;LOW;
2025.07.02 22:05:00;2025.07.02 22:00:00;USDJPY_20250101000000;20251110_20251115;USDJPY;M5;143.693;143.723;143.678;143.686;0.046786;0.071620;16.999711;143.687000;143.807940;143.796720;-0.084000;0.000000;0.185000;0.400000;0.5000;OTHER;3;LOW;
2025.07.02 22:10:00;2025.07.02 22:05:00;USDJPY_20250101000000;20251110_20251115;USDJPY;M5;143.686;143.706;143.657;143.703;0.046714;0.070560;16.304479;143.687350;143.802200;143.797915;-0.018000;0.000000;0.185000;0.491892;0.5000;OTHER;3;LOW;
2025.07.02 22:15:00;2025.07.02 22:10:00;USDJPY_20250101000000;20251110_20251115;USDJPY;M5;143.703;143.709;143.670;143.671;0.043857;0.068960;15.229483;143.687000;143.797240;143.798555;0.035000;0.000000;0.185000;0.318919;0.5000;OTHER;3;LOW;
2025.07.02 22:20:00;2025.07.02 22:15:00;USDJPY_20250101000000;20251110_20251115;USDJPY;M5;143.671;143.683;143.647;143.673;0.043929;0.067460;17.148422;143.686700;143.792000;143.799495;0.046000;0.000000;0.185000;0.329730;0.5000;OTHER;3;LOW;
2025.07.02 22:25:00;2025.07.02 22:20:00;USDJPY_20250101000000;20251110_20251115;USDJPY;M5;143.673;143.677;143.612;143.642;0.046929;0.066040;20.544957;143.682250;143.783600;143.800290;-0.059000;0.000000;0.185000;0.162162;0.5000;OTHER;3;LOW;
2025.07.02 22:30:00;2025.07.02 22:25:00;USDJPY_20250101000000;20251110_20251115;USDJPY;M5;143.642;143.655;143.628;143.629;0.045643;0.064860;23.488620;143.678200;143.775340;143.800590;-0.176000;0.000000;0.185000;0.091892;0.5000;OTHER;3;LOW;
2025.07.02 22:35:00;2025.07.02 22:30:00;USDJPY_20250101000000;20251110_20251115;USDJPY;M5;143.629;143.629;143.590;143.606;0.042500;0.063200;28.395909;143.670400;143.767760;143.800495;-0.339000;0.000000;0.183000;0.087432;0.5000;OTHER;3;LOW;
2025.07.02 22:40:00;2025.07.02 22:35:00;USDJPY_20250101000000;20251110_20251115;USDJPY;M5;143.606;143.608;143.588;143.607;0.041429;0.061560;32.835183;143.664350;143.759840;143.800300;-0.453000;0.000000;0.148000;0.128378;0.5000;OTHER;3;LOW;
2025.07.02 22:45:00;2025.07.02 22:40:00;USDJPY_20250101000000;20251110_20251115;USDJPY;M5;143.607;143.615;143.588;143.593;0.039071;0.060140;34.629371;143.661450;143.753060;143.799820;-0.505000;0.000000;0.148000;0.033784;0.5000;OTHER;3;LOW;
2025.07.02 22:50:00;2025.07.02 22:45:00;USDJPY_20250101000000;20251110_20251115;USDJPY;M5;143.594;143.595;143.571;143.588;0.039214;0.057680;37.837880;143.658300;143.744200;143.799440;-0.479000;0.000000;0.165000;0.103030;0.5000;OTHER;3;LOW;
2025.07.02 22:55:00;2025.07.02 22:50:00;USDJPY_20250101000000;20251110_20251115;USDJPY;M5;143.589;143.632;143.577;143.627;0.041214;0.056920;36.345738;143.656850;143.736840;143.799390;-0.427000;0.000000;0.165000;0.339394;0.5000;OTHER;3;LOW;
2025.07.02 23:00:00;2025.07.02 22:55:00;USDJPY_20250101000000;20251110_20251115;USDJPY;M5;143.628;143.650;143.579;143.610;0.041786;0.056020;33.689462;143.655900;143.727840;143.799415;-0.290000;0.000000;0.165000;0.236364;0.5000;OTHER;3;LOW;
2025.07.02 23:05:00;2025.07.02 23:00:00;USDJPY_20250101000000;20251110_20251115;USDJPY;M5;143.612;143.649;143.610;143.632;0.041000;0.053480;31.387356;143.652100;143.719700;143.799580;-0.245000;0.000000;0.165000;0.369697;0.5000;ASIA;3;LOW;
2025.07.02 23:10:00;2025.07.02 23:05:00;USDJPY_20250101000000;20251110_20251115;USDJPY;M5;143.636;143.645;143.606;143.643;0.041071;0.052700;29.856506;143.649100;143.712200;143.799835;-0.247000;0.000000;0.160000;0.450000;0.5000;ASIA;3;LOW;
2025.07.02 23:15:00;2025.07.02 23:10:00;USDJPY_20250101000000;20251110_20251115;USDJPY;M5;143.643;143.650;143.617;143.649;0.040214;0.051680;27.469603;143.647250;143.705780;143.800060;-0.221000;0.000000;0.152000;0.513158;0.5000;ASIA;3;LOW;
2025.07.02 23:20:00;2025.07.02 23:15:00;USDJPY_20250101000000;20251110_20251115;USDJPY;M5;143.650;143.658;143.624;143.627;0.039143;0.051440;23.815631;143.645100;143.698680;143.800325;-0.235000;0.000000;0.152000;0.368421;0.5000;ASIA;3;LOW;
2025.07.02 23:25:00;2025.07.02 23:20:00;USDJPY_20250101000000;20251110_20251115;USDJPY;M5;143.624;143.633;143.600;143.620;0.038714;0.049420;24.309329;143.641500;143.693800;143.800610;-0.288000;0.000000;0.152000;0.322368;0.5000;ASIA;3;LOW;
2025.07.02 23:30:00;2025.07.02 23:25:00;USDJPY_20250101000000;20251110_20251115;USDJPY;M5;143.621;143.628;143.612;143.621;0.037286;0.047820;24.737200;143.640100;143.688500;143.800940;-0.240000;0.000000;0.152000;0.328947;0.5000;ASIA;3;LOW;
2025.07.02 23:35:00;2025.07.02 23:30:00;USDJPY_20250101000000;20251110_20251115;USDJPY;M5;143.621;143.633;143.592;143.602;0.035571;0.047000;27.011781;143.635650;143.683100;143.801430;-0.269000;0.000000;0.152000;0.203947;0.5000;ASIA;3;LOW;
2025.07.02 23:40:00;2025.07.02 23:35:00;USDJPY_20250101000000;20251110_20251115;USDJPY;M5;143.605;143.643;143.605;143.642;0.036571;0.046600;27.053697;143.633550;143.679020;143.801990;-0.274000;0.000000;0.152000;0.467105;0.5000;ASIA;3;LOW;
2025.07.02 23:45:00;2025.07.02 23:40:00;USDJPY_20250101000000;20251110_20251115;USDJPY;M5;143.643;143.658;143.623;143.642;0.036286;0.046280;24.179618;143.631350;143.675240;143.802660;-0.275000;0.000000;0.138000;0.514493;0.5000;ASIA;3;LOW;
2025.07.02 23:50:00;2025.07.02 23:45:00;USDJPY_20250101000000;20251110_20251115;USDJPY;M5;143.641;143.651;143.640;143.642;0.035643;0.045800;21.688749;143.628300;143.671360;143.803500;-0.264000;0.000000;0.138000;0.514493;0.5000;ASIA;3;LOW;
2025.07.02 23:55:00;2025.07.02 23:50:00;USDJPY_20250101000000;20251110_20251115;USDJPY;M5;143.643;143.644;143.607;143.607;0.036357;0.045040;23.587632;143.625100;143.667300;143.803895;-0.300000;0.000000;0.112000;0.321429;0.5000;ASIA;3;LOW;
2025.07.03 00:00:00;2025.07.02 23:55:00;USDJPY_20250101000000;20251110_20251115;USDJPY;M5;143.610;143.611;143.563;143.607;0.038071;0.044400;27.594122;143.621800;143.664380;143.804155;-0.277000;0.000000;0.114000;0.385965;0.5000;ASIA;3;LOW;
